     0/299     2.25G    0.0494   0.01268   0.07851    0.1406        30       416  0.001133   0.03124  0.001931 0.0009101   0.04881  0.005957   0.07657
     1/299     6.17G   0.03705   0.01246   0.07751     0.127        23       416  0.005526   0.07791  0.009074  0.006148   0.03349  0.005673   0.07513
     2/299     7.63G   0.03475    0.0122   0.07678    0.1237        34       416  0.003834      0.53   0.01323  0.009319   0.03514  0.005131   0.07389
     3/299     8.06G   0.03259   0.01234   0.07575    0.1207        26       416  0.003878    0.6558   0.02009   0.01452   0.03567  0.005387   0.07365
     4/299     8.06G      0.03   0.01224     0.075    0.1172        28       416  0.004151     0.672   0.02011   0.01531   0.03191  0.005123   0.07223
     5/299     8.06G   0.02895   0.01267   0.07416    0.1158        19       416  0.004019    0.6722   0.02394   0.01984   0.03172  0.005066   0.07246
     6/299     8.06G   0.02853    0.0124   0.07382    0.1148        17       416  0.004052    0.7182   0.01484   0.01209   0.02892  0.004974   0.07228
     7/299     8.06G   0.02733   0.01205   0.07383    0.1132        32       416  0.003842     0.704   0.01907   0.01566   0.02945  0.004957   0.07202
     8/299     8.06G   0.02711     0.012   0.07311    0.1122        64       416   0.09634    0.4198   0.02031     0.016   0.02768  0.004769   0.07159
     9/299     8.06G   0.02686   0.01218   0.07319    0.1122        23       416    0.5354   0.09304   0.02022   0.01682   0.02831  0.004869   0.07101
    10/299     8.06G   0.02698   0.01202   0.07246    0.1115        24       416   0.09647    0.4212   0.02304   0.01932   0.02897  0.004992   0.07103
    11/299     8.06G   0.02709   0.01206   0.07219    0.1113        35       416   0.07328    0.4743   0.02184   0.01761   0.02568  0.004623   0.07101
    12/299     8.06G   0.02637   0.01192   0.07182    0.1101        14       416   0.05888    0.4439   0.02211   0.01722   0.02676   0.00483   0.07055
    13/299     8.06G   0.02624   0.01178   0.07132    0.1093        27       416    0.1846    0.3061   0.02772   0.02169   0.02674  0.004782   0.07041
    14/299     8.06G    0.0265   0.01195   0.07109    0.1095        34       416    0.1443    0.3391   0.03126   0.02589    0.0269  0.004741   0.07084
    15/299     8.06G   0.02623   0.01176   0.07062    0.1086        29       416    0.1072    0.4549   0.03606   0.02899   0.02579  0.004695   0.06912
    16/299     8.06G   0.02615   0.01166    0.0693    0.1071        26       416    0.2857     0.282   0.03922   0.03218     0.026  0.004765    0.0685
    17/299     8.06G    0.0263   0.01173   0.06878    0.1068        49       416    0.3701    0.2169   0.04577   0.03851   0.02545  0.004567   0.06845
    18/299     8.06G   0.02624    0.0118   0.06821    0.1063        24       416     0.183    0.3788   0.04634   0.03786   0.02632  0.004571   0.06817
    19/299     8.06G   0.02618   0.01175   0.06745    0.1054        37       416    0.1109    0.4904   0.05436   0.04436   0.02539  0.004679   0.06795
    20/299     8.06G    0.0259   0.01145   0.06681    0.1042        39       416    0.1447    0.3953   0.06046   0.04857   0.02566  0.004694   0.06679
    21/299     8.06G   0.02635   0.01172   0.06652    0.1046        55       416    0.3574    0.2807   0.07304   0.05924   0.02817   0.00468   0.06697
    22/299     8.06G    0.0256   0.01144   0.06555    0.1026        24       416     0.449    0.2145   0.07954   0.06507   0.02467  0.004682   0.06813
    23/299     8.06G   0.02555   0.01141    0.0648    0.1018        45       416    0.4126    0.2784    0.1047   0.08832   0.02509  0.004475    0.0659
    24/299     8.06G   0.02607   0.01158   0.06363    0.1013        25       416    0.2961    0.3454     0.106   0.08836   0.02528  0.004568   0.06527
    25/299     8.06G   0.02577   0.01175   0.06259    0.1001        19       416    0.2159    0.4438    0.1069   0.08985   0.02589  0.004552   0.06384
    26/299     8.06G   0.02602   0.01147   0.06191    0.0994        22       416    0.5024    0.2134    0.1256    0.1039   0.02542   0.00449   0.06398
    27/299     8.06G   0.02549   0.01133   0.06125   0.09807        21       416    0.4786    0.2466    0.1226    0.1042   0.02511    0.0045   0.06206
    28/299     8.06G    0.0256   0.01132   0.06097    0.0979        14       416    0.2481    0.4417    0.1149   0.09599   0.02425  0.004424   0.06242
    29/299     8.06G   0.02527   0.01138    0.0602   0.09685        46       416    0.3981     0.298    0.1474    0.1242   0.02432  0.004592   0.06133
    30/299     8.06G   0.02497   0.01135   0.05936   0.09568        26       416    0.3842     0.322    0.1654    0.1385   0.02518  0.004477   0.06081
    31/299     8.06G   0.02551   0.01135   0.05874    0.0956        33       416    0.2405    0.4543     0.165    0.1375   0.02547  0.004479   0.06102
    32/299     8.06G   0.02548   0.01149   0.05769   0.09467        37       416    0.3238    0.4046    0.1848    0.1572   0.02514  0.004325   0.06077
    33/299     8.06G   0.02528   0.01149   0.05717   0.09394        26       416     0.349     0.327    0.1713    0.1446    0.0249  0.004329   0.05887
    34/299     8.06G   0.02529   0.01105   0.05703   0.09337        24       416    0.2486    0.4657    0.1974    0.1674   0.02578  0.004343   0.05758
    35/299     8.06G   0.02508   0.01126    0.0565   0.09284        32       416    0.2064    0.4773    0.1967    0.1619   0.02513  0.004342   0.05913
    36/299     8.06G   0.02506   0.01116   0.05556   0.09178        24       416    0.3394    0.4166    0.2325    0.1924   0.02458  0.004381   0.05689
    37/299     8.06G   0.02459   0.01127   0.05452   0.09038        32       416     0.393    0.3446    0.2365    0.1984    0.0249  0.004357   0.05653
    38/299     8.06G   0.02463   0.01101   0.05407    0.0897        47       416    0.2215    0.5154    0.2402    0.2031   0.02311  0.004336   0.05657
    39/299     8.06G   0.02536   0.01119   0.05423   0.09077        35       416     0.278    0.4447    0.2573    0.2135   0.02567  0.004354   0.05573
    40/299     8.06G   0.02505   0.01119   0.05287   0.08911        49       416    0.4398    0.3094     0.249    0.2097   0.02496   0.00428   0.05521
    41/299     8.06G   0.02494   0.01124   0.05246   0.08863        23       416    0.3606    0.3818    0.2698    0.2234   0.02422  0.004383   0.05395
    42/299     8.06G   0.02482   0.01096    0.0517   0.08747        29       416     0.276    0.4491    0.2789    0.2363   0.02477  0.004397    0.0531
    43/299     8.06G   0.02501   0.01106   0.05134   0.08741        37       416    0.4592    0.3533     0.287    0.2416   0.02418  0.004301   0.05227
    44/299     8.06G   0.02517   0.01099   0.05116   0.08732        24       416    0.2989    0.4468     0.308    0.2636   0.02472  0.004294   0.05407
    45/299     8.06G   0.02529   0.01122   0.05068   0.08718        26       416    0.2809    0.4209    0.2952    0.2487   0.02362   0.00425   0.05266
    46/299     8.06G   0.02474   0.01107   0.05034   0.08615        28       416     0.251    0.4984     0.324    0.2774     0.023  0.004244   0.05165
    47/299     8.06G   0.02481   0.01099   0.04933   0.08513        47       416    0.4099    0.4156    0.3605    0.3035   0.02411  0.004202   0.05137
    48/299     8.06G   0.02486   0.01097   0.04936   0.08518        36       416    0.4295    0.3908    0.3284    0.2826   0.02395  0.004284   0.05138
    49/299     8.06G   0.02489   0.01089   0.04833    0.0841        44       416    0.3419    0.4632     0.379     0.322   0.02357  0.004226      0.05
    50/299     8.06G    0.0249   0.01108   0.04752    0.0835        17       416    0.3676    0.4236    0.3635    0.3081   0.02392  0.004239   0.04912
    51/299     8.06G   0.02502   0.01088   0.04679   0.08269        25       416    0.4983    0.3639    0.3839     0.326   0.02417  0.004276   0.04857
    52/299     8.06G   0.02467   0.01082   0.04665   0.08214        26       416    0.3887    0.4568    0.3783    0.3217   0.02481  0.004336   0.04902
    53/299     8.06G    0.0248   0.01069    0.0459   0.08139        23       416    0.3512    0.5301    0.3902     0.331   0.02488  0.004287   0.04779
    54/299     8.06G   0.02462   0.01051    0.0459   0.08103        38       416    0.5276    0.3914    0.4161      0.35   0.02487  0.004249   0.04853
    55/299     8.06G   0.02492    0.0105   0.04526   0.08068        33       416    0.3341    0.4873    0.3923    0.3292   0.02393  0.004294   0.04978
    56/299     8.06G   0.02437   0.01084   0.04569   0.08089        23       416    0.3873    0.4723    0.4121    0.3546   0.02511  0.004189   0.04656
    57/299     8.06G   0.02465   0.01081   0.04405   0.07951        25       416    0.3199    0.5305    0.4167    0.3518   0.02476  0.004241   0.04538
    58/299     8.06G   0.02455   0.01073   0.04355   0.07884        19       416    0.4226    0.4768    0.4208    0.3565   0.02453  0.004268    0.0455
    59/299     8.06G   0.02447   0.01096   0.04322   0.07865        33       416    0.4051    0.4738    0.4316    0.3651   0.02379  0.004155   0.04504
    60/299     8.06G   0.02478   0.01049   0.04256   0.07782        23       416    0.4557    0.4251    0.4399    0.3741   0.02508  0.004231   0.04687
    61/299     8.06G   0.02443   0.01053    0.0425   0.07745        22       416    0.2964    0.5465     0.454    0.3881   0.02428  0.004184   0.04562
    62/299     8.06G   0.02467   0.01066   0.04213   0.07746        43       416    0.3232    0.5672    0.4542    0.3844   0.02463  0.004327   0.04388
    63/299     8.06G   0.02474   0.01068   0.04195   0.07736        28       416    0.3851    0.5064    0.4449    0.3778   0.02471  0.004308   0.04511
    64/299     8.06G   0.02486   0.01053   0.04123   0.07663        21       416    0.3699    0.5501    0.4759    0.4032   0.02387  0.004297   0.04398
    65/299     8.06G   0.02419   0.01054   0.04082   0.07555        17       416    0.3584    0.5733    0.4883    0.4156   0.02361  0.004232   0.04473
    66/299     8.06G   0.02422   0.01025   0.04098   0.07546        19       416    0.5467    0.4606    0.4992    0.4228   0.02447  0.004177   0.04293
    67/299     8.06G   0.02467   0.01046   0.04025   0.07537        41       416    0.4374    0.5032     0.489    0.4139   0.02399  0.004304    0.0437
    68/299     8.06G   0.02471   0.01069   0.03901    0.0744        27       416    0.4844     0.514    0.4988    0.4218   0.02364  0.004328   0.04447
    69/299     8.06G   0.02432   0.01037   0.03957   0.07426        45       416    0.5423    0.4753    0.5107    0.4357   0.02328  0.004239   0.04292
    70/299     8.06G   0.02446   0.01039   0.03915     0.074        21       416    0.3678     0.566    0.4966     0.425   0.02392  0.004301   0.04391
    71/299     8.06G   0.02425   0.01035   0.03972   0.07431        18       416    0.4742    0.4962    0.5208    0.4456   0.02327  0.004209   0.04197
    72/299     8.06G   0.02445   0.01036   0.03815   0.07296        24       416    0.4479    0.5604    0.5226    0.4458   0.02233  0.004184   0.04146
    73/299     8.06G   0.02432   0.01035   0.03837   0.07304        16       416    0.4359    0.5374    0.5283    0.4491   0.02502  0.004166   0.04228
    74/299     8.06G   0.02439   0.01046    0.0381   0.07295        21       416    0.4331    0.5473    0.5475     0.471   0.02323  0.004262   0.04241
    75/299     8.06G   0.02434   0.01027   0.03718   0.07178        17       416    0.4526    0.5524    0.5347    0.4629   0.02273  0.004255   0.04337
    76/299     8.06G   0.02453   0.01059   0.03775   0.07287        21       416    0.4219    0.5959    0.5585    0.4781   0.02367  0.004233   0.04066
    77/299     8.06G   0.02432   0.01044    0.0365   0.07126        17       416    0.5079     0.532    0.5539      0.47   0.02304  0.004201    0.0407
    78/299     8.06G   0.02414   0.01008   0.03647   0.07069        27       416    0.4676    0.5592    0.5552    0.4735    0.0231  0.004343   0.04254
    79/299     8.06G   0.02412      0.01    0.0367   0.07083        28       416    0.4139    0.5746      0.55    0.4697   0.02374  0.004257   0.04188
    80/299     8.06G   0.02452   0.01028   0.03641   0.07121        32       416    0.5026    0.5515    0.5563    0.4717   0.02242  0.004172   0.04019
    81/299     8.06G   0.02421   0.01004   0.03619   0.07045        34       416    0.5212    0.5211    0.5688    0.4832   0.02285  0.004222   0.04006
    82/299     8.06G   0.02418    0.0101   0.03567   0.06995        39       416    0.5738    0.5193    0.5743    0.4914   0.02294  0.004207   0.03967
    83/299     8.06G    0.0242   0.01012   0.03525   0.06957        27       416    0.5078    0.5548    0.5673      0.49   0.02339  0.004209   0.04032
    84/299     8.06G   0.02406   0.01016   0.03517    0.0694        31       416    0.4983    0.5617    0.5794     0.497   0.02269  0.004181   0.04022
    85/299     8.06G    0.0238   0.01004   0.03532   0.06917        24       416    0.4535    0.6034    0.5839    0.5003   0.02285   0.00418   0.03899
    86/299     8.06G    0.0239   0.01016   0.03437   0.06842        33       416    0.4623    0.5762    0.5805    0.4909   0.02255  0.004172   0.03901
    87/299     8.06G   0.02433   0.01019   0.03407   0.06859        28       416     0.477    0.6095     0.592    0.5055   0.02313  0.004122   0.03734
    88/299     8.06G   0.02403    0.0099    0.0344   0.06833        23       416    0.4823    0.5911    0.5734    0.4832   0.02416  0.004082   0.03789
    89/299     8.06G   0.02393   0.01014   0.03371   0.06779        23       416    0.4939    0.5893    0.5948    0.5092   0.02392  0.004156   0.03743
    90/299     8.06G   0.02399   0.00993    0.0341   0.06802        35       416    0.4597    0.6247    0.5924    0.5089     0.024  0.004172   0.03718
    91/299     8.06G   0.02382  0.009985   0.03388   0.06768        36       416    0.4692    0.6149    0.5896    0.5082   0.02337  0.004119   0.03859
    92/299     8.06G   0.02388  0.009856   0.03295   0.06668        18       416    0.5313    0.5762    0.6142    0.5222   0.02347  0.004163    0.0383
    93/299     8.06G   0.02372  0.009971   0.03195   0.06564        23       416    0.4793    0.6323    0.6004    0.5173   0.02292  0.004133    0.0366
    94/299     8.06G   0.02375  0.009906   0.03166   0.06532        70       416    0.5501    0.5836    0.6169    0.5253   0.02223  0.004125   0.03525
    95/299     8.06G   0.02399  0.009861   0.03287   0.06672        25       416    0.4318    0.6439     0.599    0.5112   0.02277  0.004081   0.03853
    96/299     8.06G   0.02416   0.00997   0.03206   0.06619        30       416     0.665    0.5336    0.6173    0.5277   0.02338  0.004158   0.03765
    97/299     8.06G   0.02398      0.01   0.03167   0.06565        25       416    0.5636    0.5696    0.6109    0.5237   0.02328  0.004128   0.03745
    98/299     8.06G   0.02354   0.00968   0.03178     0.065        16       416    0.5214    0.5939    0.6116    0.5196   0.02374  0.004071   0.03815
    99/299     8.06G   0.02386  0.009814   0.03181   0.06548        36       416    0.4993    0.6326     0.626    0.5323   0.02318  0.004109   0.03873
   100/299     8.06G   0.02357  0.009779   0.03105   0.06439        35       416    0.5326    0.6029    0.6304    0.5376   0.02346   0.00415   0.03748
   101/299     8.06G   0.02392  0.009891   0.03079   0.06461        35       416    0.5516    0.5948    0.6186    0.5337     0.023    0.0042   0.03803
   102/299     8.06G   0.02344  0.009621    0.0304   0.06347        30       416    0.5883    0.5758    0.6252    0.5372   0.02243  0.004191   0.03703
   103/299     8.06G   0.02347  0.009662   0.03002   0.06315        29       416    0.5376    0.6317     0.653    0.5611   0.02242  0.004192   0.03699
   104/299     8.06G    0.0236  0.009666   0.03001   0.06328        25       416    0.5327    0.6001    0.6302    0.5435   0.02277    0.0042   0.03696
   105/299     8.06G   0.02344   0.00983    0.0294   0.06267        16       416    0.5385    0.6147    0.6299    0.5409   0.02268  0.004204   0.03699
   106/299     8.06G   0.02337  0.009589   0.03026   0.06322        31       416    0.5958    0.6032    0.6344    0.5445    0.0224  0.004207   0.03626
   107/299     8.06G   0.02356  0.009655   0.02958   0.06279        17       416    0.6062    0.5961    0.6556    0.5593   0.02283  0.004207   0.03589
   108/299     8.06G   0.02362  0.009735   0.02967   0.06303        31       416    0.5456    0.6422    0.6485    0.5596   0.02258  0.004176   0.03606
   109/299     8.06G   0.02348  0.009674   0.02919   0.06235        20       416    0.5905    0.6139    0.6725    0.5808   0.02257  0.004171   0.03613
   110/299     8.06G   0.02346  0.009719   0.02964   0.06281        22       416     0.589    0.6298    0.6705    0.5788   0.02279  0.004162   0.03671
   111/299     8.06G    0.0235  0.009661   0.02913   0.06229        33       416      0.62     0.592    0.6571    0.5647   0.02277  0.004173     0.036
   112/299     8.06G   0.02339  0.009524   0.02938    0.0623        24       416    0.5922    0.6085    0.6634    0.5693   0.02309  0.004186   0.03606
   113/299     8.06G   0.02339  0.009591   0.02886   0.06185        48       416    0.5534    0.6406    0.6558    0.5559   0.02329  0.004135   0.03518
   114/299     8.06G   0.02313  0.009524   0.02766   0.06031        28       416    0.5987    0.6115    0.6642    0.5651   0.02371  0.004146    0.0353
   115/299     8.06G    0.0234   0.00953   0.02748   0.06041        20       416    0.5091    0.6652    0.6685     0.574   0.02393  0.004071    0.0358
   116/299     8.06G   0.02306  0.009387     0.028   0.06045        34       416    0.5999    0.6214    0.6839    0.5874   0.02326   0.00409   0.03589
   117/299     8.06G   0.02329  0.009877   0.02795   0.06112        26       416    0.7043    0.5798    0.6884    0.5924   0.02318   0.00411   0.03507
   118/299     8.06G   0.02288  0.009477   0.02699   0.05934        43       416    0.6549    0.5909    0.6947    0.5963   0.02335  0.004116     0.035
   119/299     8.06G   0.02312  0.009403   0.02699   0.05952        35       416    0.6383    0.5874    0.6806    0.5824   0.02304  0.004122   0.03526
   120/299     8.06G   0.02266  0.009255   0.02683   0.05874        40       416    0.5195    0.6688    0.6895    0.5927   0.02286    0.0041   0.03598
   121/299     8.06G   0.02295  0.009316   0.02638   0.05865        26       416    0.5491    0.6488    0.6966    0.6004   0.02294  0.004103   0.03572
   122/299     8.06G    0.0231  0.009418   0.02717   0.05969        27       416    0.5508    0.6663    0.6905     0.598   0.02241  0.004124   0.03611
   123/299     8.06G   0.02294  0.009459   0.02628   0.05868        34       416    0.5331     0.668     0.692    0.5897   0.02219  0.004164   0.03594
   124/299     8.06G   0.02279  0.009298   0.02633   0.05842        28       416    0.6073    0.6373    0.6956    0.5996   0.02174  0.004136   0.03502
   125/299     8.06G   0.02279   0.00924   0.02596   0.05799        24       416    0.6085    0.6426    0.6981    0.6041    0.0221  0.004117   0.03481
   126/299     8.06G   0.02254  0.009302   0.02607   0.05791        34       416    0.5704    0.6548     0.702    0.6069    0.0226   0.00409   0.03503
   127/299     8.06G   0.02274  0.009389   0.02565   0.05778        18       416    0.6112    0.6471    0.6908    0.5961   0.02259  0.004118   0.03505
   128/299     8.06G   0.02263  0.009281   0.02518   0.05709        26       416     0.597     0.659    0.6936    0.6004   0.02267  0.004105   0.03457
   129/299     8.06G   0.02251   0.00914    0.0256   0.05725        20       416    0.6235    0.6518    0.7033    0.6075   0.02282  0.004124   0.03377
   130/299     8.06G   0.02289  0.009409   0.02561   0.05791        29       416    0.6094    0.6494    0.7098     0.611   0.02314  0.004094   0.03437
   131/299     8.06G   0.02236  0.009106   0.02515   0.05662        27       416    0.5505    0.6888    0.7107    0.6119   0.02304  0.004033   0.03419
   132/299     8.06G   0.02233  0.009183   0.02503   0.05654        30       416    0.6082    0.6649    0.7078    0.6096   0.02269  0.004051   0.03361
   133/299     8.06G   0.02238  0.009262    0.0244   0.05604        28       416    0.5593    0.6928    0.7077     0.611   0.02285  0.004071   0.03391
   134/299     8.06G   0.02249  0.008992    0.0242   0.05568        29       416     0.601    0.6578    0.7034    0.6059   0.02276  0.004091   0.03348
   135/299     8.06G   0.02223  0.008983   0.02481   0.05602        24       416    0.6707     0.606    0.7172    0.6208    0.0224  0.004131   0.03295
   136/299     8.06G   0.02241  0.009177   0.02494   0.05652        41       416    0.5991    0.6467    0.7198    0.6233   0.02236  0.004141   0.03364
   137/299     8.06G   0.02232  0.009089   0.02452   0.05593        33       416    0.6496    0.6187    0.7214     0.624   0.02244  0.004166    0.0342
   138/299     8.06G   0.02224   0.00896   0.02337   0.05457        33       416    0.6193    0.6318    0.7158    0.6157   0.02234  0.004226    0.0349
   139/299     8.06G   0.02208  0.008994   0.02425   0.05532        35       416    0.6202    0.6365    0.7102    0.6085   0.02246  0.004242   0.03521
   140/299     8.06G    0.0225  0.009233   0.02437   0.05611        17       416    0.7256    0.5818    0.7095    0.6089   0.02247  0.004252   0.03522
   141/299     8.06G   0.02203  0.008962    0.0239   0.05489        19       416    0.6233     0.634    0.7083    0.6097   0.02224  0.004246   0.03501
   142/299     8.06G   0.02211  0.008979   0.02302    0.0541        21       416     0.667    0.5981    0.7112    0.6153   0.02234   0.00423   0.03473
   143/299     8.06G   0.02202  0.009076   0.02312   0.05421        18       416    0.6052    0.6431    0.7154    0.6198   0.02232  0.004222   0.03515
   144/299     8.06G   0.02218  0.008764   0.02321   0.05415        23       416    0.6069    0.6654    0.7207     0.624   0.02246  0.004232   0.03492
   145/299     8.06G   0.02217  0.009175    0.0234   0.05475        33       416     0.612    0.6563    0.7267    0.6263   0.02267   0.00424   0.03466
   146/299     8.06G   0.02187  0.008896   0.02308   0.05385        28       416    0.5585    0.7053    0.7244    0.6255   0.02265  0.004232    0.0345
   147/299     8.06G   0.02164  0.008764   0.02302   0.05342        30       416    0.5596     0.692    0.7218    0.6257   0.02291  0.004216   0.03436
   148/299     8.06G   0.02191  0.008835   0.02272   0.05346        16       416    0.5841    0.6804    0.7222    0.6261   0.02279  0.004225   0.03388
   149/299     8.06G   0.02185  0.008899   0.02253   0.05328        34       416     0.641    0.6523    0.7204    0.6244   0.02271   0.00422   0.03339
   150/299     8.06G   0.02164  0.008669   0.02255   0.05286        16       416    0.6437    0.6543    0.7199    0.6236   0.02279  0.004252   0.03319
   151/299     8.06G   0.02153  0.008662   0.02226   0.05245        25       416    0.6412    0.6605    0.7255    0.6285   0.02241  0.004288   0.03303
   152/299     8.06G   0.02168  0.008876   0.02258   0.05314        35       416    0.6679     0.645    0.7282    0.6325   0.02206  0.004302   0.03257
   153/299     8.06G    0.0213  0.008699   0.02203   0.05203        27       416    0.6102     0.683    0.7264    0.6272   0.02179  0.004308   0.03248
   154/299     8.06G    0.0214  0.008788   0.02189   0.05207        24       416    0.6518    0.6591    0.7293    0.6313   0.02175   0.00433   0.03282
   155/299     8.06G   0.02176  0.008801   0.02201   0.05257        17       416    0.6647    0.6543    0.7371    0.6365   0.02173  0.004338   0.03278
   156/299     8.06G   0.02158  0.008897   0.02171   0.05219        27       416     0.597     0.701    0.7377    0.6367   0.02167  0.004353   0.03256
   157/299     8.06G   0.02144  0.008725   0.02201   0.05217        23       416    0.6667    0.6504    0.7385    0.6396   0.02163  0.004349   0.03221
   158/299     8.06G   0.02148  0.008863   0.02102   0.05136        22       416    0.6738    0.6404    0.7404    0.6413    0.0216  0.004354   0.03213
   159/299     8.06G   0.02126  0.008558   0.02117   0.05099        26       416    0.6686    0.6472    0.7406    0.6421   0.02172  0.004372   0.03217
   160/299     8.06G    0.0214   0.00887   0.02096   0.05123        57       416    0.6587    0.6499    0.7369    0.6374   0.02179  0.004346   0.03235
   161/299     8.06G   0.02108  0.008575   0.02078   0.05043        35       416     0.682    0.6515    0.7446    0.6463   0.02183  0.004308   0.03213
   162/299     8.06G   0.02101  0.008761    0.0207   0.05047        36       416     0.696    0.6301    0.7516    0.6511   0.02175  0.004308     0.032
   163/299     8.06G   0.02114  0.008529    0.0205   0.05017        49       416    0.6832    0.6368    0.7475    0.6472   0.02186  0.004298     0.032
   164/299     8.06G   0.02077  0.008449   0.01973   0.04895        28       416    0.6431    0.6581    0.7451    0.6463    0.0219  0.004294   0.03201
   165/299     8.06G   0.02085  0.008442   0.02062   0.04992        28       416    0.6456    0.6617    0.7458    0.6452   0.02194  0.004306   0.03195
   166/299     8.06G   0.02103  0.008628   0.02039   0.05005        42       416    0.6612     0.663      0.74     0.641   0.02206  0.004295   0.03213
   167/299     8.06G   0.02096  0.008442   0.02015   0.04956        36       416    0.6533    0.6689    0.7387    0.6398   0.02207  0.004267   0.03231
   168/299     8.06G   0.02085  0.008477   0.01873   0.04806        18       416    0.6372    0.6679    0.7386    0.6403   0.02213  0.004264   0.03259
   169/299     8.06G   0.02074  0.008507    0.0196   0.04885        23       416    0.6617    0.6564    0.7353    0.6365    0.0222  0.004272    0.0326
   170/299     8.06G   0.02074  0.008294    0.0196   0.04863        13       416    0.6849    0.6478    0.7404    0.6416   0.02215  0.004267   0.03238
   171/299     8.06G   0.02087  0.008346   0.01973   0.04895        21       416    0.6946    0.6398    0.7429    0.6437   0.02209  0.004262   0.03227
   172/299     8.06G   0.02088  0.008432   0.01945   0.04876        26       416    0.6932    0.6519    0.7479    0.6487   0.02208  0.004253   0.03231
   173/299     8.06G   0.02077  0.008315   0.01827   0.04735        27       416    0.6603    0.6783    0.7446    0.6458    0.0221  0.004254   0.03242
   174/299     8.06G   0.02051  0.008531   0.01903   0.04806        25       416    0.6566    0.6776    0.7501    0.6492   0.02201  0.004257   0.03247
   175/299     8.06G   0.02055  0.008349   0.01916   0.04806        31       416    0.6624    0.6654    0.7529    0.6535   0.02195  0.004272   0.03245
   176/299     8.06G   0.02054  0.008286   0.01899   0.04782        48       416    0.6784    0.6599    0.7498    0.6506   0.02198  0.004268   0.03252
   177/299     8.06G   0.02084  0.008282   0.01937    0.0485        17       416    0.6836    0.6593    0.7561    0.6567   0.02195  0.004271   0.03253
   178/299     8.06G   0.02033  0.008259   0.01803   0.04663        34       416    0.7138    0.6467     0.759    0.6604   0.02195  0.004277   0.03264
   179/299     8.06G   0.02028   0.00807   0.01789   0.04624        26       416     0.656    0.6713    0.7536    0.6549   0.02194  0.004282    0.0328
   180/299     8.06G   0.02033  0.008209   0.01824   0.04678        16       416    0.6453    0.6789     0.755    0.6571   0.02186  0.004306   0.03271
   181/299     8.06G   0.02013  0.008207   0.01788   0.04621        35       416    0.6579     0.668    0.7534    0.6566   0.02182  0.004313   0.03278
   182/299     8.06G   0.02032  0.008179    0.0177   0.04621        33       416    0.5816    0.7208    0.7502    0.6542   0.02181   0.00431   0.03283
   183/299     8.06G   0.02005  0.008084   0.01774   0.04587        25       416    0.5978     0.714    0.7538    0.6573    0.0218  0.004303   0.03296
   184/299     8.06G   0.01995   0.00804    0.0178   0.04579        21       416    0.6038    0.7091    0.7514    0.6552    0.0218  0.004303   0.03303
   185/299     8.06G   0.01997  0.007956   0.01755   0.04548        29       416    0.6089     0.706     0.751    0.6539   0.02179  0.004303   0.03296
   186/299     8.06G   0.01995  0.008233   0.01818   0.04636        27       416    0.6076    0.7045    0.7504     0.654   0.02183  0.004308   0.03277
   187/299     8.06G   0.01986  0.008079   0.01781   0.04574        34       416     0.603    0.7107    0.7495    0.6525    0.0218  0.004318   0.03265
   188/299     8.06G   0.02008  0.008068   0.01829   0.04644        24       416    0.6391    0.6791    0.7478    0.6518   0.02175   0.00433    0.0326
   189/299     8.06G   0.01977  0.007807   0.01732   0.04489        24       416    0.6278    0.6878    0.7487    0.6527   0.02174  0.004332    0.0325
   190/299     8.06G   0.01985   0.00802   0.01746   0.04534        26       416    0.6492    0.6753    0.7529    0.6569    0.0217  0.004335   0.03243
   191/299     8.06G   0.01961  0.007943   0.01727   0.04482        28       416    0.6674    0.6639    0.7532    0.6578   0.02162  0.004334    0.0324
   192/299     8.06G   0.01958  0.007969   0.01759   0.04514        25       416    0.6811    0.6573    0.7527    0.6573   0.02157  0.004342   0.03243
   193/299     8.06G   0.01956  0.007995   0.01648   0.04404        23       416    0.6817    0.6589    0.7526    0.6565   0.02153  0.004344   0.03247
   194/299     8.06G   0.01928  0.007964   0.01713   0.04438        16       416    0.6708    0.6704    0.7511    0.6539   0.02155  0.004347   0.03259
   195/299     8.06G   0.01978  0.007909   0.01649   0.04418        31       416    0.6733    0.6689     0.752    0.6552    0.0216   0.00435   0.03269
   196/299     8.06G   0.01936  0.007927   0.01661   0.04389        36       416    0.6834    0.6704    0.7547    0.6581   0.02164   0.00435   0.03266
   197/299     8.06G   0.01939  0.007826    0.0167   0.04392        36       416    0.6841    0.6702    0.7553    0.6589   0.02166  0.004356   0.03266
   198/299     8.06G   0.01946  0.007848   0.01644   0.04375        14       416    0.6819    0.6738    0.7555    0.6592    0.0217  0.004366   0.03267
   199/299     8.06G   0.01927  0.007729   0.01604   0.04305        29       416    0.6942    0.6664    0.7543     0.659   0.02175  0.004375   0.03263
   200/299     8.06G   0.01927  0.007574   0.01626    0.0431        27       416    0.6622    0.6852    0.7562    0.6606   0.02174  0.004375   0.03267
   201/299     8.06G   0.01935  0.007967   0.01661   0.04393        19       416    0.7233    0.6562    0.7543    0.6588   0.02172  0.004384   0.03263
   202/299     8.06G   0.01931  0.007921   0.01618   0.04341        32       416    0.7217    0.6565    0.7556    0.6602   0.02171   0.00439   0.03258
   203/299     8.06G   0.01921  0.007751   0.01676   0.04372        29       416    0.7031    0.6623    0.7554     0.659   0.02172  0.004397   0.03256
   204/299     8.06G   0.01915  0.007664   0.01604   0.04286        38       416    0.7056    0.6628    0.7557    0.6588   0.02174  0.004404   0.03259
   205/299     8.06G   0.01917  0.007693   0.01592   0.04279        38       416    0.7011    0.6654    0.7571    0.6591   0.02174   0.00441   0.03259
   206/299     8.06G   0.01895  0.007752   0.01592   0.04262        27       416    0.7246    0.6511    0.7584    0.6612   0.02175  0.004417   0.03266
   207/299     8.06G   0.01898  0.007675   0.01575    0.0424        39       416    0.7058    0.6635    0.7579    0.6601   0.02177  0.004424   0.03269
   208/299     8.06G   0.01895  0.007716    0.0156   0.04226        32       416    0.7051    0.6638    0.7579    0.6605   0.02179   0.00443   0.03267
   209/299     8.06G    0.0189   0.00772   0.01565   0.04227        27       416    0.7229    0.6521    0.7579    0.6596   0.02181  0.004438   0.03265
   210/299     8.06G   0.01905  0.007836   0.01572    0.0426        28       416    0.7154     0.659    0.7622    0.6647   0.02184  0.004445   0.03264
   211/299     8.06G    0.0185  0.007469   0.01474   0.04071        18       416    0.7195    0.6557     0.761    0.6626   0.02186   0.00445   0.03262
   212/299     8.06G   0.01869  0.007742   0.01511   0.04155        16       416    0.7231    0.6565    0.7621    0.6636   0.02188  0.004457   0.03261
   213/299     8.06G    0.0184  0.007528   0.01526   0.04118        30       416    0.7215    0.6576    0.7654    0.6667   0.02188  0.004462   0.03262
   214/299     8.06G    0.0181  0.007507   0.01504   0.04065        26       416    0.7224    0.6575    0.7661    0.6674   0.02189  0.004468   0.03266
   215/299     8.06G   0.01852  0.007521   0.01542   0.04146        35       416    0.7216    0.6575    0.7652     0.667   0.02189  0.004479   0.03265
   216/299     8.06G    0.0183  0.007458   0.01433   0.04009        21       416    0.7242    0.6555    0.7656    0.6658   0.02189  0.004486   0.03265
   217/299     8.06G   0.01828   0.00744   0.01458    0.0403        26       416    0.7245    0.6556    0.7659    0.6658    0.0219  0.004493   0.03267
   218/299     8.06G   0.01822  0.007419   0.01433   0.03997        21       416    0.7205    0.6565    0.7653    0.6661    0.0219  0.004503   0.03268
   219/299     8.06G   0.01867  0.007651   0.01455   0.04087        21       416    0.7456    0.6404    0.7669    0.6677   0.02189  0.004512   0.03271
   220/299     8.06G   0.01823  0.007421   0.01455    0.0402        32       416    0.7479      0.64    0.7668    0.6679   0.02188   0.00452   0.03273
   221/299     8.06G   0.01803  0.007321   0.01494   0.04029        20       416    0.7424    0.6418    0.7675    0.6688   0.02187  0.004527   0.03277
   222/299     8.06G   0.01807   0.00745   0.01417   0.03969        31       416    0.6831    0.6865    0.7682    0.6696   0.02186  0.004534   0.03272
   223/299     8.06G   0.01836  0.007463   0.01469   0.04051        32       416    0.7507    0.6407    0.7676    0.6692   0.02186   0.00454   0.03269
   224/299     8.06G   0.01813  0.007416   0.01449   0.04003        29       416    0.6778    0.6904    0.7687    0.6697   0.02188  0.004545    0.0327
   225/299     9.36G   0.01791  0.007328   0.01462   0.03986        24       416    0.6777    0.6897    0.7663    0.6686   0.02192  0.004548   0.03273
   226/299     9.36G   0.01792  0.007398   0.01403   0.03935        67       416    0.6778    0.6904     0.767    0.6692   0.02193  0.004548   0.03275
   227/299     9.36G   0.01797  0.007284   0.01408   0.03933        26       416    0.6786    0.6904    0.7655    0.6675   0.02193  0.004553   0.03276
   228/299     9.36G   0.01774  0.007249   0.01337   0.03836        23       416    0.6776    0.6892    0.7658    0.6671   0.02192  0.004562   0.03274
   229/299     9.36G   0.01785  0.007251   0.01395   0.03905        17       416    0.6651    0.6929    0.7658    0.6675   0.02194  0.004569   0.03274
   230/299     9.36G   0.01749  0.007156   0.01326   0.03791        27       416    0.6658    0.6962    0.7664    0.6682   0.02193  0.004575   0.03272
   231/299     9.36G    0.0175  0.007245    0.0138   0.03855        33       416    0.6562    0.6991    0.7657    0.6676   0.02194  0.004579   0.03271
   232/299     9.36G   0.01749  0.007124   0.01342   0.03804        24       416    0.6499    0.7031    0.7657    0.6669   0.02195  0.004585    0.0327
   233/299     9.36G   0.01758  0.007182   0.01352   0.03829        21       416    0.6432    0.7042    0.7661    0.6676   0.02196   0.00459   0.03271
   234/299     9.36G   0.01784  0.007316   0.01385     0.039        37       416    0.6435    0.7042    0.7661    0.6676   0.02197  0.004594   0.03271
   235/299     9.36G   0.01743   0.00707   0.01323   0.03773        31       416     0.645    0.7052    0.7665    0.6676   0.02198  0.004598   0.03271
   236/299     9.36G   0.01742  0.007005   0.01279   0.03721        30       416    0.6481    0.7009    0.7676    0.6677   0.02199  0.004604   0.03271
   237/299     9.36G   0.01741  0.006903   0.01325   0.03756        26       416    0.6419    0.7023    0.7665    0.6669   0.02199  0.004611   0.03269
   238/299     9.36G   0.01739  0.007088    0.0128   0.03727        20       416    0.7617    0.6281    0.7665    0.6676     0.022  0.004616   0.03269
   239/299     9.36G   0.01727  0.006949   0.01281   0.03703        22       416    0.6029    0.7327    0.7658    0.6669   0.02201  0.004621   0.03268
   240/299     9.36G   0.01706  0.006943    0.0127    0.0367        20       416    0.6034    0.7341    0.7664    0.6663   0.02201  0.004625   0.03268
   241/299     9.36G   0.01728  0.006906   0.01315   0.03734        21       416    0.7538    0.6356    0.7672    0.6675   0.02201  0.004627   0.03269
   242/299     9.36G   0.01726  0.007162    0.0128   0.03722        22       416    0.7529    0.6373    0.7674    0.6676   0.02202  0.004628    0.0327
   243/299     9.36G   0.01726  0.006924   0.01301   0.03719        23       416    0.7534    0.6363    0.7693    0.6694   0.02203  0.004631   0.03271
   244/299     9.36G   0.01713  0.006973   0.01291   0.03701        22       416    0.7535     0.635    0.7686    0.6689   0.02204  0.004633   0.03272
   245/299     9.36G   0.01702  0.007106   0.01252   0.03664        32       416    0.6728    0.6857    0.7686    0.6689   0.02205  0.004636   0.03273
   246/299     9.36G   0.01696  0.006909    0.0127   0.03657        25       416    0.7535    0.6338    0.7655     0.666   0.02205  0.004638   0.03273
   247/299     9.36G   0.01706  0.007018   0.01291     0.037        24       416    0.6622    0.6972    0.7648    0.6648   0.02207  0.004642   0.03274
   248/299     9.36G   0.01705  0.007025   0.01266   0.03673        14       416    0.6525    0.6979     0.764    0.6639   0.02208  0.004644   0.03276
   249/299     9.36G    0.0168   0.00695   0.01214   0.03589        28       416    0.7597    0.6339    0.7635    0.6631   0.02208  0.004646   0.03277
   250/299     9.36G   0.01673  0.006744   0.01198   0.03545        31       416    0.7617    0.6329     0.763    0.6625   0.02209  0.004649   0.03277
   251/299     9.36G   0.01674  0.006792   0.01229   0.03583        36       416    0.7602    0.6339     0.763    0.6624    0.0221  0.004653   0.03279
   252/299     9.36G   0.01674  0.006673    0.0121   0.03551        72       416    0.7597    0.6342     0.763    0.6629   0.02211  0.004657   0.03279
   253/299     9.36G    0.0166  0.006686   0.01243   0.03572        21       416    0.7631    0.6297    0.7632    0.6632   0.02211  0.004661   0.03281
   254/299     9.36G   0.01656  0.006844   0.01179   0.03519        25       416    0.7634    0.6296     0.765    0.6646   0.02211  0.004665   0.03282
   255/299     9.36G   0.01668  0.006752   0.01202   0.03545        35       416    0.7637    0.6266    0.7648    0.6642   0.02212  0.004669   0.03283
   256/299     9.36G   0.01679  0.006628   0.01221   0.03563        28       416    0.7646    0.6252    0.7649    0.6644   0.02213  0.004672   0.03284
   257/299     9.36G   0.01667  0.006843   0.01191   0.03543        17       416    0.7657    0.6244    0.7629    0.6626   0.02214  0.004677   0.03284
   258/299     9.36G    0.0164  0.006693   0.01154   0.03464        35       416    0.7676    0.6226    0.7622    0.6613   0.02215   0.00468   0.03284
   259/299     9.36G   0.01661  0.006766   0.01189   0.03528        35       416    0.7691     0.623    0.7647     0.664   0.02216  0.004683   0.03284
   260/299     9.36G   0.01694   0.00679   0.01232   0.03605        25       416    0.7706    0.6221    0.7615    0.6607   0.02216  0.004687   0.03285
   261/299     9.36G   0.01658  0.006796   0.01141   0.03479        27       416    0.7697    0.6226    0.7616    0.6604   0.02218  0.004691   0.03287
   262/299     9.36G   0.01634  0.006772    0.0117   0.03482        28       416    0.7685    0.6233    0.7616    0.6604   0.02218  0.004695   0.03288
   263/299     9.36G   0.01641  0.006541   0.01133   0.03428        32       416    0.7711    0.6222    0.7618    0.6605    0.0222  0.004699   0.03289
   264/299     9.36G   0.01658  0.006709   0.01194   0.03523        14       416    0.6882    0.6847    0.7606    0.6588    0.0222  0.004703    0.0329
   265/299     9.36G   0.01641  0.006528   0.01118   0.03412        25       416    0.6891    0.6844    0.7622    0.6607   0.02221  0.004707    0.0329
   266/299     9.36G    0.0162  0.006466   0.01121   0.03388        24       416    0.7724    0.6213    0.7606     0.659   0.02222  0.004708   0.03291
   267/299     9.36G   0.01624  0.006633   0.01118   0.03405        20       416    0.7735    0.6207    0.7609    0.6593   0.02223   0.00471   0.03292
   268/299     9.36G   0.01622  0.006552   0.01109   0.03386        19       416    0.6899    0.6852    0.7615    0.6596   0.02224  0.004712   0.03292
   269/299     9.36G   0.01629  0.006644    0.0115   0.03443        31       416    0.6909    0.6848    0.7634    0.6611   0.02225  0.004715   0.03293
   270/299     9.36G   0.01618  0.006481   0.01102   0.03368        14       416    0.6893    0.6852    0.7635     0.661   0.02226  0.004718   0.03294
   271/299     9.36G   0.01618  0.006565   0.01124   0.03399        19       416    0.6907    0.6849    0.7638    0.6623   0.02227  0.004719   0.03294
   272/299     9.36G   0.01621  0.006519   0.01143   0.03415        21       416    0.6903    0.6846    0.7633    0.6618   0.02227  0.004723   0.03295
   273/299     9.36G   0.01608  0.006372   0.01105   0.03351        28       416    0.7169    0.6653    0.7636    0.6618   0.02228  0.004726   0.03295
   274/299     9.36G   0.01607  0.006516   0.01119   0.03377        36       416    0.7185    0.6646    0.7637    0.6617   0.02229   0.00473   0.03295
   275/299     9.36G   0.01628  0.006565   0.01127   0.03412        24       416    0.7177     0.665    0.7635    0.6613    0.0223  0.004732   0.03296
   276/299     9.36G   0.01622  0.006615   0.01132   0.03415        43       416    0.7171    0.6651    0.7634    0.6612    0.0223  0.004735   0.03296
   277/299     9.36G   0.01627  0.006552   0.01099   0.03381        36       416    0.7285    0.6564    0.7636    0.6613   0.02231  0.004739   0.03296
   278/299     9.36G   0.01594  0.006585   0.01143   0.03396        28       416    0.7306    0.6559    0.7636    0.6613   0.02232  0.004742   0.03297
   279/299     9.36G   0.01589    0.0065   0.01083   0.03322        23       416    0.7313    0.6557    0.7631    0.6612   0.02232  0.004746   0.03298
   280/299     9.36G   0.01602  0.006428   0.01064   0.03309        23       416    0.7329    0.6561    0.7632    0.6609   0.02233   0.00475   0.03298
   281/299     9.36G   0.01575  0.006412   0.01099   0.03315        29       416    0.7332    0.6562    0.7631    0.6604   0.02233  0.004753   0.03299
   282/299     9.36G   0.01596  0.006448    0.0108   0.03321        57       416    0.7348    0.6557     0.763    0.6603   0.02234  0.004756   0.03299
   283/299     9.36G   0.01556   0.00635   0.01046   0.03237        32       416     0.736    0.6562    0.7634    0.6608   0.02234  0.004759   0.03299
   284/299     9.36G   0.01567  0.006302   0.01044   0.03242        33       416    0.7342    0.6571    0.7635    0.6606   0.02235  0.004762   0.03301
   285/299     9.36G   0.01583  0.006371   0.01076   0.03296        28       416     0.735    0.6569    0.7654    0.6625   0.02236  0.004765   0.03302
   286/299     9.36G   0.01577  0.006377   0.01068   0.03283        61       416    0.7363    0.6567    0.7654    0.6625   0.02237  0.004768   0.03303
   287/299     9.36G   0.01577  0.006354   0.01041   0.03253        30       416    0.7367    0.6566    0.7656    0.6628   0.02238  0.004772   0.03304
   288/299     9.36G   0.01593  0.006463   0.01123   0.03362        19       416    0.7378    0.6559    0.7636    0.6615   0.02238  0.004774   0.03306
   289/299     9.36G   0.01582  0.006416   0.01022   0.03245        22       416    0.7369    0.6563    0.7654     0.663   0.02239  0.004777   0.03306
   290/299     9.36G   0.01568  0.006292   0.01093   0.03291        27       416    0.7407    0.6563    0.7633    0.6613    0.0224   0.00478   0.03306
   291/299     9.36G   0.01569  0.006284   0.01078   0.03275        24       416    0.7411    0.6562    0.7637    0.6614   0.02241  0.004782   0.03307
   292/299     9.36G   0.01568  0.006376   0.01051   0.03257        20       416    0.7406    0.6567    0.7643     0.662   0.02242  0.004785   0.03307
   293/299     9.36G   0.01569   0.00629   0.01095   0.03293        44       416    0.7413    0.6565    0.7625      0.66   0.02242  0.004788   0.03308
   294/299     9.36G   0.01574  0.006292   0.01071   0.03274        14       416    0.7417    0.6564    0.7625    0.6598   0.02243  0.004792    0.0331
   295/299     9.36G   0.01574  0.006442   0.01065   0.03283        22       416    0.7416    0.6566    0.7624    0.6602   0.02244  0.004794   0.03311
   296/299     9.36G   0.01595  0.006382   0.01041   0.03274        23       416    0.7416    0.6567    0.7626    0.6599   0.02244  0.004798   0.03311
   297/299     9.36G   0.01579   0.00632   0.01044   0.03255        15       416    0.7431    0.6562    0.7623      0.66   0.02245  0.004801   0.03312
   298/299     9.36G   0.01556  0.006281   0.01043   0.03227        30       416    0.6908    0.6895    0.7623      0.66   0.02246  0.004802   0.03311
   299/299     9.36G   0.01559  0.006152   0.01023   0.03197        52       416    0.6912    0.6894    0.7622    0.6602   0.02247  0.004807    0.0331
